A0A0H2ZKZ2_244
A0A0H2ZLB6_4
19
22
130
A0A0H2ZLE0_286
126
207
235
359
399
618
621
629
634
A0A0H2ZLQ5_223_231
A0A0H2ZLT2_200
119
320
A0A0H2ZLU4_156
156
201
A0A0H2ZLW7_39
A0A0H2ZLY2_251
262
A0A0H2ZLY8_205
124
168
236
316
317
325
A0A0H2ZM00_274
5
13
28
31
131
319
382
A0A0H2ZM23_61_62
4
A0A0H2ZM56_249_36_471_48
18
134
287
288
365
400
404
603
606
833
A0A0H2ZM64_113_115_116_2042_2045_2048
206
207
556
1183
1457
1540
1653
1778
1781
1784
2107
2229
2357
A0A0H2ZM82_91
A0A0H2ZM91_9
A0A0H2ZMB1_125
84
A0A0H2ZMB7_62
17
A0A0H2ZMC0_107
A0A0H2ZMH1_7
38
A0A0H2ZMJ7_106
128
A0A0H2ZMK1_324
40
61
A0A0H2ZMK9_155
21
52
274
277
A0A0H2ZMN4_247
52
258
260
324
A0A0H2ZMT8_87
3
9
70
74
105
A0A0H2ZMU0_51
197
207
383
400
403
407
441
446
504
A0A0H2ZMW1_289
3
6
8
49
53
134
135
A0A0H2ZMW4_76
19
20
76
81
84
87
A0A0H2ZMX2_38
3
7
A0A0H2ZMX6_197_208_236
175
176
181
246
A0A0H2ZN01_3_8
A0A0H2ZN08_30_354_364_9
228
316
386
A0A0H2ZN13_138_607
112
113
545
684
689
A0A0H2ZN75_266
242
306
308
332
A0A0H2ZN77_154
52
A0A0H2ZNA2_45
77
A0A0H2ZNC3_178
150
A0A0H2ZNC5_42_55
61
120
261
267
A0A0H2ZNC6_107_120_275
159
160
167
A0A0H2ZNE0_65
123
176
222
A0A0H2ZNF9_67
A0A0H2ZNG5_822
4
12
508
565
674
822
A0A0H2ZNI4_154_45
401
A0A0H2ZNK9_186
209
216
A0A0H2ZNM6_300
2
10
57
268
300
A0A0H2ZNM9_437_448
17
102
A0A0H2ZNN3_24_32_5
13
14
24
32
36
165
178
A0A0H2ZNS0_116_128_215_263_332_70
4
46
70
73
304
308
A0A0H2ZNT2_301_417
7
10
11
A0A0H2ZNT8_385_401
245
A0A0H2ZNU1_28_313
28
121
261
A0A0H2ZNW9_256
124
273
276
277
A0A0H2ZNX9_128
A0A0H2ZNY4_190
122
190
327
332
A0A0H2ZP05_636
51
448
608
A0A0H2ZP58_142_65
295
308
554
562
565
567
A0A0H2ZP82_50
384
387
392
411
452
513
533
A0A0H2ZPB4_154_98
65
67
304
A0A0H2ZPF7_77
57
211
216
A0A0H2ZPH4_15_8_9
A0A0H2ZPL7_112_204
A0A0H2ZPN8_17
A0A0H2ZPS0_285
200
A0A0H2ZQ35_210_367_427
114
164
337
342
343
419
A0A0H2ZQ39_21
21
53
326
360
A0A0H2ZQ85_703
277
306
416
417
421
521
703
786
A0A0H2ZQ87_118
4
7
61
177
217
275
403
414
418
420
A0A0H2ZQC2_106_78
43
137
212
A0A0H2ZQD7_56
2
5
129
211
A0A0H2ZQE0_104_22_248_32_40
21
22
32
40
109
113
155
163
182
184
418
A0A0H2ZQN6_101_211_45_46
50
51
224
A0A0H2ZQQ0_148
A0A0H2ZQR8_15_51_97
3
78
79
A0A0H2ZQT3_145
A0A0H2ZQZ1_129
30
79
A0A0H2ZR18_2
53
110
200
A0A0H2ZR44_177
240
249
250
350
A0A0H2ZR49_108_129_185_370_424_93
74
93
225
A0A0H2ZR79_209_285_330_52
252
339
A0A0H2ZRA8_982_992
92
156
245
260
265
269
293
385
475
477
525
529
530
729
810
815
926
927
953
973
975
992
1147
1202
1206
1320
1332
1336
1397
1499
1533
1634
1639
1642
1690
1700
1710
1716
1719
1775
1779
1927
1941
1950
1956
2015
2016
2031
A0A0H2ZRD4_21_32
8
174
280
317
319
A0A0H2ZRI0_216_24_92
24
77
227
280
314
334
A0A0H2ZRV3_151
127
134
Q04HS5_11_3
36
396
Q04HT7_409
409
Q04HT9_161_462
86
137
150
331
368
441
465
Q04HW4_98
7
15
104
Q04HX2_66
10
12
14
15
66
Q04I44_511
61
64
441
542
Q04I74_312
8
327
Q04I94_110_420
182
299
300
400
562
Q04IA2_364
5
10
14
136
174
239
295
357
364
365
426
443
Q04IK7_1034
29
30
40
56
64
86
98
219
223
286
324
335
407
547
564
616
853
967
996
1055
1067
1156
1164
Q04IM6_85
21
28
229
245
267
273
Q04IN8_196
49
50
249
395
Q04IN9_36_48
11
21
61
66
116
Q04IQ3_140_27
27
33
79
104
140
155
166
169
224
275
284
362
369
378
391
495
Q04IY8_54_55
Q04J42_169
Q04J70_351
13
21
28
44
247
341
424
429
463
647
651
692
700
708
Q04JB4_230
81
96
98
166
Q04JG7_227
Q04JH4_30
21
Q04JH9_125
25
188
323
Q04JI8_3
292
393
Q04JL0_14_22_29
29
Q04JL5_207
130
138
Q04JM8_119_678_88
29
72
76
77
97
227
228
317
664
668
Q04JM9_65
Q04JP7_64
154
Q04JW5_622_80
221
278
329
336
529
622
640
871
Q04JX5_68
74
Q04JZ3_102_110_156
162
Q04JZ4_122_66_67_83_97
67
Q04KG2_254_260_343_66
56
103
105
Q04KI2_73
Q04KU8_178_34
48
137
253
255
277
Q04L74_5_9
53
Q04L81_82
55
366
Q04LF4_164
Q04LP6_151_177_198
54
Q04LP7_112_71
17
71
81
87
Q04LY0_108_205_226_43_543_544_68
82
108
111
129
133
157
226
333
357
564
571
Q04LY1_100
45
100
101
156
159
Q04LZ5_171_27_271_315_398
3
7
12
14
15
27
130
306
Q04LZ9_11
Q04M37_3
26
43
45
46
55
58
Q04M39_23
121
122
140
204
291
327
Q04M43_60
151
Q04M73_156_256_382_427_92
Q04MA3_165
154
182
305
Q04MC1_183
56
58
319
390
408
Q04MH7_23_241_542
23
36
39
345
421
562
564
687
688
690
Q04MJ2_134
7
24
142
146
241
290
558
616
720
791
819
Q04ML0_81_90
42
46
111
Q04ML1_191
16
20
265
300
Q04ML4_12_3
Q04ML5_99
Q04ML7_2_7
110
120
124
127
130
Q04ML8_30
37
Q04MM2_56
33
41
47
56
65
72
Q04MM3_38_86
78
Q04MM4_103_134
34
Q04MM5_73
42
43
73
83
88
89
94
95
Q04MN0_106
78
89
194
198
214
Q04MN3_101_125_170_238_79
31
38
40
79
147
252
Q04MN4_75
Q04MN5_12_151
Q04MN7_82
71
82
89
Q04MZ3_54
24
54
56
Q04N79_140_252_48_93
25
93
310
318
Q9ZIH5_82
59
181
190
Q9ZIH6_202
122
Q9ZIH8_186
52
164
262
381
Q9ZII4_272
140
172
242
366
Q9ZII7_94
106
149
Q9ZII9_281
202
204
