G1XVB9_79.0_252.0
38
79
147
252
G1XVC0_35.0_39.0_15.0
I6L8X8_348.0
18
189
342
I6L8Y0_168.0
168
170
177
I6L8Y1_156.0_59.0
76
156
160
213
217
I6L8Y4_187.0_67.0_157.0
155
157
338
339
394
511
512
I6L8Y7_452.0
135
281
285
442
445
452
I6L8Z7_433.0
I6L906_154.0
135
143
147
178
181
I6L912_68.0_72.0_232.0_183.0_187.0
60
68
106
199
252
263
264
267
I6L913_99.0
13
I6L917_49.0_33.0
39
I6L921_272.0
I6L922_327.0
159
327
386
459
466
I6L923_44.0_53.0_115.0
I6L926_165.0
I6L927_181.0_49.0
44
49
223
225
265
266
I6L928_201.0
38
I6L930_286.0_25.0_299.0_264.0
29
90
197
286
O06941_51.0_106.0
36
51
107
O06942_329.0_459.0_274.0_555.0_543.0_498.0_526.0_564.0_487.0_422.0_129.0_68.0_521.0_43.0_215.0
82
108
111
129
133
157
333
357
484
571
O07329_178.0_204.0_308.0
210
312
O68575_124.0_67.0_204.0
124
221
258
259
O68579_206.0
129
P13470_498.0_626.0_633.0_943.0_1006.0
139
156
282
416
417
626
634
715
719
760
977
1001
1018
1041
1046
1166
1277
1284
1342
1349
1361
P08987_1193.0
189
221
256
368
390
600
608
689
693
734
951
954
971
975
992
1015
1020
1191
1193
1201
1256
1321
1386
1451
P13470_1041.0_689.0_880.0
139
156
282
416
417
626
634
715
719
760
977
1001
1018
1041
1046
1166
1277
1284
1342
1349
1361
P08987_221.0_951.0
189
221
256
368
390
600
608
689
693
734
951
954
971
975
992
1015
1020
1191
1193
1201
1256
1321
1386
1451
P10539_143.0
31
48
79
P12655_91.0_42.0
34
38
91
92
143
548
P13470_129.0_1361.0_161.0_977.0
139
156
282
416
417
626
634
715
719
760
977
1001
1018
1041
1046
1166
1277
1284
1342
1349
1361
P13522_332.0_149.0_21.0
149
189
196
466
469
478
P23504_714.0_1028.0_625.0_629.0
170
175
180
186
462
465
526
629
635
637
709
717
726
1287
1295
1514
1560
1561
P26283_319.0_64.0_231.0_310.0_100.0_307.0_299.0_165.0
70
145
299
301
319
P26422_72.0_12.0
65
195
239
242
245
P26423_125.0_19.0_23.0_115.0_36.0
15
19
115
119
P26424_142.0_20.0_163.0
47
48
136
P26425_313.0_306.0_192.0
7
83
306
P26426_94.0_101.0
P27624_28.0_32.0_229.0_324.0_7.0
13
14
28
32
36
229
245
P27756_316.0
31
35
99
102
210
310
316
321
393
605
616
629
P45595_259.0_414.0_548.0
269
P45596_38.0_40.0_28.0
38
P48853_24.0
71
82
89
P49331_1074.0_685.0_1299.0_614.0
180
406
526
685
749
765
799
881
882
891
936
988
1011
1037
1044
1051
1074
1116
1191
1253
1285
1288
1290
1297
1299
1340
1341
1381
1413
1432
1441
P50976_567.0_12.0_17.0_442.0
434
530
P50978_329.0
29
83
198
201
400
453
P59125_4.0_96.0
22
51
144
P59133_172.0_125.0
24
56
P59154_59.0
P59161_104.0_166.0_172.0_191.0_98.0_3.0
81
98
104
166
172
P59186_92.0_21.0_44.0
78
194
198
P59388_256.0
256
P72477_257.0
16
252
P72478_127.0_257.0_115.0
201
364
P72483_212.0_310.0_318.0_77.0_268.0_308.0
25
48
93
299
318
P72484_119.0_197.0_12.0_15.0
197
216
P95778_274.0_122.0
122
275
P95780_270.0
154
182
P95785_140.0_144.0_86.0_48.0
144
P95786_174.0
174
P95787_13.0
93
409
421
P95788_267.0
17
26
P95789_441.0_435.0_104.0
86
137
150
P95790_111.0
15
21
26
53
P95803_268.0_193.0
201
P96993_295.0_223.0
100
223
295
Q00749_327.0_323.0
53
56
177
179
232
287
330
352
Q8DT25_180.0
374
Q07211_49.0
43
Q53526_507.0
Q54431_15.0_120.0
124
201
269
272
279
316
425
Q59931_353.0_95.0_449.0
6
88
240
344
Q59934_19.0_13.0
5
24
316
540
545
683
743
747
Q59938_661.0
77
274
407
461
464
661
665
725
732
738
779
Q7ZAL0_823.0
17
19
273
421
565
708
709
1024
Q8CM14_207.0_7.0_120.0
81
182
Q8CVC6_65.0
69
74
106
117
144
Q8CVC7_218.0_255.0
218
559
563
Q8CWW2_372.0_189.0_422.0
33
372
380
Q8CWW5_17.0_3.0_14.0
35
Q8CWW6_6.0_131.0_223.0_465.0_41.0_453.0_362.0_388.0_348.0
3
6
27
33
79
104
155
223
275
284
362
369
378
391
495
Q8CWW7_137.0
90
259
264
Q8CWX0_448.0
229
274
276
Q8CWX1_81.0_12.0_152.0_185.0
39
48
194
233
Q8CWX2_211.0_746.0
292
589
761
795
Q8CWX8_400.0
11
273
317
319
Q8CWY0_767.0_262.0_651.0_354.0_18.0_796.0
221
278
329
336
514
517
640
796
798
834
847
Q8CWY3_587.0
127
166
191
345
580
654
Q8CWY4_257.0
25
134
Q8CWY5_492.0_344.0_532.0
76
77
97
540
Q8CWY6_277.0
Q8CWY8_240.0
84
206
388
394
Q8CWY9_697.0_747.0
401
491
679
690
697
846
905
994
1254
1348
1424
1433
1446
1450
Q8CWZ0_48.0
119
Q8CWZ6_243.0_269.0_142.0_23.0_414.0_356.0_8.0_96.0
37
46
100
122
207
208
414
415
425
Q8DRQ6_345.0
58
Q8DRR0_15.0_451.0
15
Q8DRR1_156.0_314.0
120
Q8DRR2_208.0_217.0_400.0_204.0_7.0
7
10
11
187
194
Q8DRR7_145.0
142
Q8DRR8_176.0
176
Q8DRS8_137.0_37.0_111.0_10.0
12
41
48
98
99
111
118
Q8DRT7_564.0_468.0_360.0_335.0
65
68
314
335
339
360
445
546
564
Q8DRT8_37.0_65.0_72.0_278.0
49
76
396
Q8DRU3_92.0
88
92
95
Q8DRU6_276.0
114
178
272
276
301
302
Q8DRU8_256.0_345.0_238.0_109.0_10.0
57
183
215
341
Q8DRV2_425.0_244.0_317.0_313.0
170
525
534
Q8DRV9_502.0_353.0
260
263
309
318
336
353
496
Q8DRW2_289.0
154
289
299
300
391
486
Q8DRX2_93.0_83.0
83
86
93
269
Q8DRX7_66.0
34
Q8DRZ8_139.0
42
Q8DS05_570.0
337
511
519
520
667
Q8DS07_184.0
99
141
304
511
550
554
578
583
587
736
Q8DS09_274.0
97
165
Q8DS11_118.0_168.0_81.0_146.0_216.0_29.0_109.0
7
29
132
146
216
Q8DS12_262.0_265.0_269.0_258.0_234.0_10.0
10
15
24
25
104
Q8DS16_156.0_195.0_187.0_3.0
56
66
71
77
187
201
205
Q8DS17_5.0_122.0
5
12
191
Q8DS18_70.0_27.0_28.0_32.0
6
7
70
Q8DS19_8.0_102.0_41.0
41
Q8DS20_101.0_67.0
59
63
67
124
Q8DS21_11.0_7.0
2
7
11
54
Q8DS22_55.0_46.0
17
20
29
37
Q8DS23_113.0_23.0_31.0_53.0
66
Q8DS24_42.0
15
25
43
46
73
83
89
94
95
Q8DS25_121.0_8.0_49.0
Q8DS27_65.0
41
47
96
Q8DS28_84.0_39.0_30.0_59.0_20.0
27
30
101
102
109
Q8DS29_68.0
105
Q8DS33_19.0_103.0
133
Q8DS35_78.0_46.0
64
103
112
119
Q8DS36_236.0_245.0_86.0_16.0_292.0_6.0
16
173
265
300
Q8DS44_112.0_295.0
8
327
Q8DS46_75.0_848.0_223.0_1143.0_845.0
352
354
487
553
685
693
799
833
845
848
912
914
916
920
928
1010
1043
1063
1111
Q8DS47_368.0_1035.0_617.0_630.0
19
29
30
40
56
64
86
98
219
223
286
315
324
335
407
617
968
1068
1157
1165
Q8DS57_25.0
37
Q8DS58_75.0
Q8DS59_71.0
Q8DS65_180.0
33
Q8DS74_66.0_54.0_60.0_88.0_23.0_82.0
41
48
54
60
102
141
143
159
Q8DS76_162.0
Q8DS77_91.0
5
83
Q8DS84_8.0
8
32
91
92
93
167
237
Q8DS85_12.0_300.0_512.0
24
31
113
142
146
290
408
409
558
616
683
791
815
Q8DSB7_282.0_32.0
17
26
32
282
287
290
374
Q8DSC2_179.0_45.0
51
Q8DSC4_326.0_306.0_206.0_169.0_149.0_299.0
136
150
169
223
230
231
299
306
318
Q8DSC9_81.0_75.0_37.0_91.0
4
8
74
Q8DSD1_541.0
4
7
13
197
615
706
747
Q8DSD2_93.0
79
Q8DSD7_41.0
41
45
Q8DSE0_186.0
148
186
Q8DSE7_6.0
151
Q8DSF1_9.0_291.0_77.0
77
232
294
Q8DSF4_31.0
Q8DSF5_16.0_20.0
11
16
20
258
269
434
454
510
584
Q8DSF8_141.0
332
Q8DSG1_391.0
73
165
Q8DSG3_466.0
326
421
Q8DSG4_78.0_16.0
18
Q8DSG5_34.0_388.0_252.0
6
83
273
275
283
Q8DSG6_439.0
88
397
439
443
447
455
468
Q8DSI6_76.0
205
Q8DSJ4_66.0_61.0
11
21
61
66
70
116
Q8DSJ5_79.0
9
Q8DSJ9_438.0
54
55
95
97
126
438
503
583
Q8DSL1_828.0_831.0
29
116
158
166
364
850
867
880
Q8DSN0_193.0
101
130
Q8DSN1_111.0
Q8DSN3_17.0
72
74
Q8DSN4_214.0_207.0_101.0
101
245
Q8DSN5_125.0_209.0_99.0
Q8DSN8_107.0
6
89
Q8DSP6_196.0
125
296
300
305
381
385
391
395
400
409
591
606
607
Q8DSP7_24.0
13
Q8DSP8_265.0_98.0
31
289
294
295
Q8DSP9_57.0
Q8DSQ8_11.0
7
Q8DSR0_202.0
Q8DSR3_392.0
209
Q8DSS8_14.0
122
123
Q8DST1_80.0
202
Q8DST2_236.0
29
67
112
154
267
Q8DST6_27.0_61.0
65
71
Q8DST7_178.0_182.0_167.0_163.0
163
167
196
Q8DSU0_348.0_227.0_171.0_167.0
79
80
86
171
299
302
305
350
380
Q8DSU1_115.0
Q8DSU3_137.0_144.0_7.0_240.0
Q8DSU5_103.0_150.0_4.0
83
124
165
169
199
Q8DSV0_81.0
5
261
267
Q8DSV3_267.0_316.0_357.0_313.0
313
316
324
Q8DSV6_22.0_324.0
120
126
127
Q8DSW4_172.0_219.0
200
219
223
235
Q8DSW7_15.0_35.0
6
11
15
20
25
26
65
Q8DSW8_569.0_630.0_435.0_578.0
57
307
556
584
588
591
Q8DSX6_221.0
29
247
250
253
Q8DSX9_80.0
17
71
80
81
87
Q8DSY0_198.0_200.0_31.0_190.0_184.0
54
83
88
Q8DSY1_181.0
175
192
Q8DSY2_140.0_162.0_169.0_154.0_158.0_180.0_115.0_146.0_72.0
115
118
125
154
158
162
Q8DSZ8_125.0_11.0_18.0
27
Q8DSZ9_111.0_109.0_205.0_27.0
111
Q8DT07_108.0_10.0_243.0
3
Q8DT08_237.0
75
483
Q8DT09_23.0
Q8DT10_354.0
46
238
351
412
419
420
423
427
430
Q8DT12_142.0_400.0_640.0_126.0_225.0
34
126
127
130
142
150
155
225
226
477
596
Q8DT14_485.0
213
419
Q8DT23_355.0_296.0
5
19
218
234
258
Q8DT28_175.0_409.0
175
198
204
261
302
306
396
415
Q8DT30_123.0_483.0
135
269
489
492
Q8DT31_482.0_457.0_296.0_10.0
4
6
10
189
216
234
465
471
684
685
729
730
Q8DT32_638.0
38
218
318
Q8DT33_161.0_94.0
Q8DT38_32.0
90
Q8DT49_204.0
169
173
204
293
302
604
Q8DT51_509.0
145
266
276
408
509
524
646
Q8DT61_63.0
Q8DT63_7.0
122
Q8DT66_76.0
6
13
Q8DT81_48.0
14
93
379
Q8DTA1_38.0
15
137
143
146
149
Q8DTA6_518.0
185
359
362
509
Q8DTA7_98.0_224.0
236
Q8DTB0_191.0
72
74
118
119
134
290
302
313
Q8DTB3_534.0_379.0_281.0
100
104
169
275
534
Q8DTB5_50.0
64
92
101
129
Q8DTC1_267.0
150
246
271
320
Q8DTD1_60.0
60
176
Q8DTD5_27.0
25
27
134
Q8DTD8_238.0_5.0
17
205
259
359
363
476
512
579
670
Q8DTE3_253.0
31
33
40
173
233
253
254
374
392
459
468
517
526
553
601
605
797
896
902
913
918
1047
1076
1112
1226
1341
Q8DTE9_83.0
44
225
226
228
Q8DTF3_545.0
26
193
315
492
511
519
524
526
527
Q8DTF8_501.0
99
217
218
245
249
274
350
501
Q8DTG2_392.0_339.0_322.0_358.0_131.0_32.0
329
Q8DTG5_31.0
35
36
40
Q8DTG7_145.0
140
Q8DTH8_34.0_24.0
64
96
97
107
118
128
140
Q8DTJ2_500.0
517
Q8DTJ5_1777.0_420.0_877.0_1788.0
15
309
312
317
680
845
881
930
965
1235
1244
1498
1639
1642
1647
1656
1781
1784
1792
1801
2426
Q8DTJ6_115.0_1046.0
335
735
1103
1210
Q8DTJ7_656.0_1065.0
47
145
188
191
289
569
649
675
682
762
766
774
1043
1049
1094
1272
1273
Q8DTK0_129.0
55
63
116
121
125
Q8DTL0_70.0_130.0
Q8DTL1_155.0
14
151
155
Q8DTL3_212.0_73.0
73
184
Q8DTM2_431.0_93.0
58
72
280
349
Q8DTM4_101.0_186.0_328.0_323.0_348.0
24
162
208
Q8DTM6_29.0
8
Q8DTM7_71.0
200
Q8DTN5_62.0_32.0
62
Q8DTP5_83.0_31.0
83
Q8DTQ3_309.0_135.0_57.0
135
309
393
394
422
567
Q8DTQ5_34.0
100
103
Q8DTQ9_14.0
16
Q8DTS9_92.0_263.0_211.0_425.0_431.0_190.0
56
103
105
Q8DTT3_2.0
24
Q8DTT4_54.0_7.0
410
Q8DTT5_94.0_185.0_23.0
58
185
186
Q8DTT9_105.0
150
225
Q8DTU0_125.0
287
Q8DTV2_165.0_5.0
Q8DTV3_88.0
30
Q8DTV9_126.0
5
13
27
28
31
245
319
Q8DTW7_104.0_98.0_197.0
61
66
217
Q8DTW8_22.0
Q8DTW9_363.0_101.0_90.0_332.0_157.0_148.0_234.0
148
157
Q8DTX3_29.0
Q8DTX4_4.0
119
Q8DTX6_90.0_78.0
Q8DTX7_396.0_244.0_22.0_32.0_418.0_433.0_294.0_464.0_236.0_226.0_104.0_383.0
21
22
32
119
182
184
244
300
392
396
Q8DU17_99.0
Q8DU18_213.0
Q8DU23_44.0
254
Q8DU26_396.0
196
803
Q8DU36_284.0
180
251
338
Q8DU41_255.0
79
642
720
734
739
742
793
Q8DU43_248.0
174
177
231
239
243
248
253
Q8DU55_457.0
334
363
370
451
452
453
457
462
463
492
Q8DU60_58.0
176
180
Q8DU62_17.0
5
Q8DU72_386.0
83
221
228
386
474
478
Q8DU74_223.0
Q8DU81_301.0_5.0
40
301
302
322
509
Q8DU82_157.0
13
14
22
87
96
157
161
172
Q8DU84_25.0_93.0_11.0
336
Q8DU85_529.0_533.0_203.0
345
445
448
475
477
478
529
556
Q8DU91_69.0
Q8DU92_70.0
5
21
48
Q8DU94_8.0_240.0
240
Q8DU95_171.0
Q8DUA0_17.0
39
61
145
Q8DUA3_72.0
41
Q8DUB4_332.0
4
35
213
217
Q8DUD7_182.0
31
91
144
174
176
182
331
Q8DUG4_228.0
Q8DUG5_88.0_93.0_44.0
35
40
44
49
106
114
401
410
Q8DUG9_83.0
66
67
83
109
Q8DUH2_54.0_102.0
95
102
Q8DUH3_695.0_329.0_685.0_339.0_180.0_285.0_417.0_408.0_243.0_585.0_474.0_348.0_464.0
218
243
269
688
Q8DUI5_242.0_127.0
32
142
250
366
Q8DUJ5_248.0_77.0
102
213
215
268
271
272
Q8DUJ6_11.0_57.0_160.0_54.0
5
6
11
240
271
281
290
298
Q8DUK4_464.0
4
5
53
58
Q8DUK5_225.0
225
229
479
Q8DUL0_7.0
7
119
140
Q8DUL2_284.0_293.0
93
129
137
139
225
258
293
334
Q8DUL8_206.0
19
Q8DUN3_82.0
74
191
213
223
231
241
Q8DUN5_88.0_98.0
Q8DUN9_82.0_87.0
87
Q8DUP1_11.0
214
Q8DUP3_364.0
9
58
276
514
895
Q8DUP4_93.0
313
Q8DUP7_28.0
4
Q8DUQ4_73.0
Q8DUQ6_100.0_77.0
Q8DUR5_219.0
50
51
85
208
316
Q8DUS0_724.0
2
5
6
533
711
714
746
747
813
Q8DUS8_6.0
3
6
98
Q8DUT3_167.0
171
251
252
Q8DUT7_126.0
276
375
378
442
479
Q8DUT8_242.0_119.0
119
237
Q8DUW8_150.0_319.0
33
96
150
183
435
Q8DUX2_69.0_20.0
52
Q8DUX3_72.0
64
68
Q8DUX7_97.0
55
60
91
147
Q8DV01_481.0_485.0_454.0_440.0
381
387
604
609
616
891
Q8DV06_148.0
192
244
245
248
Q8DV07_35.0
10
260
365
Q8DV08_167.0_296.0
90
Q8DV10_472.0_774.0_145.0_466.0
46
47
219
231
466
476
549
550
766
771
Q8DV17_46.0_41.0
8
9
18
20
41
72
88
Q8DV21_59.0
Q8DV22_70.0_116.0_68.0_7.0_134.0
68
70
Q8DV31_19.0
Q8DV42_32.0
4
32
539
691
694
Q8DV58_39.0_49.0
7
9
16
78
85
Q8DV61_31.0
28
31
42
152
185
Q8DV70_14.0_44.0
87
90
91
163
Q8DV71_134.0_93.0
3
12
16
Q8DV78_7.0
6
7
Q8DV81_188.0
124
132
Q8DV90_203.0_403.0_400.0_226.0
197
393
400
441
Q8DVA9_133.0
48
133
Q8DVB5_272.0
17
Q8DVC5_127.0_13.0_9.0
78
120
242
Q8DVC8_23.0
Q8DVD0_184.0_188.0_739.0_749.0
695
727
735
739
743
Q8DVD2_65.0_83.0_80.0
Q8DVD3_418.0_289.0_821.0
2
11
29
107
140
173
218
289
371
377
402
812
Q8DVD4_133.0
Q8DVD8_150.0_60.0
60
64
Q8DVE3_311.0_446.0_5.0
239
311
446
Q8DVE5_329.0_360.0
21
53
329
360
476
Q8DVE8_235.0
300
Q8DVF0_112.0_119.0_95.0_19.0
Q8DVF2_195.0
3
7
238
Q8DVI1_208.0
200
208
211
Q8DVI6_104.0
4
6
28
29
35
38
39
92
127
211
212
244
310
359
Q8DVI8_30.0_3.0_136.0_24.0
Q8DVJ2_135.0_129.0_58.0_245.0
63
105
287
Q8DVJ5_39.0
205
Q8DVK1_6.0
292
379
393
489
497
Q8DVK2_22.0
2
80
212
217
Q8DVK7_387.0_71.0
90
180
305
360
407
493
535
Q8DVK8_143.0
131
Q8DVL1_17.0_108.0_103.0_96.0
Q8DVL7_179.0_110.0
89
Q8DVL9_208.0
118
121
180
243
Q8DVM2_7.0
190
196
197
Q8DVN0_12.0
219
Q8DVN6_132.0
49
132
Q8DVN9_120.0
18
26
143
Q8DVP5_206.0_181.0_173.0
149
153
173
206
Q8DVP9_822.0_327.0_11.0_321.0
433
716
870
Q8DVQ2_100.0_16.0
52
57
100
184
Q8DVQ3_120.0
152
Q8DVQ5_217.0
6
Q8DVS2_432.0
191
432
546
547
565
566
588
Q8DVS3_16.0
88
96
Q8DVU9_216.0_220.0
126
220
257
401
410
Q8DVV2_369.0_302.0_306.0_12.0_126.0_72.0_83.0_217.0_45.0_7.0_137.0_27.0_64.0_69.0
3
7
12
14
15
64
69
70
83
130
306
Q8DVV3_108.0_229.0_70.0_61.0_46.0_334.0_306.0_253.0
4
70
73
108
118
229
306
310
Q8DVV4_9.0_392.0_589.0_39.0_136.0
23
36
39
345
421
465
562
564
687
688
Q8DVV5_21.0_117.0
Q8DVW0_214.0
104
Q8DVX2_267.0_57.0
99
121
152
Q8DVX6_350.0
226
231
236
290
308
319
349
Q8DVX8_78.0
74
Q8DVX9_91.0_431.0_159.0_322.0
167
173
322
323
Q8DVY7_218.0_213.0
83
213
218
Q8DW01_135.0
95
564
658
Q8DW14_153.0_209.0_161.0
18
124
153
Q8DW22_81.0_347.0
81
347
Q8DW25_425.0_356.0
78
80
156
204
231
233
236
245
356
410
501
530
Q8DW29_102.0
120
Q8DW30_265.0
86
265
Q8DW31_29.0
323
339
416
Q8DW32_114.0_127.0_134.0
Q8DW41_210.0_57.0
38
135
210
Q8DW42_233.0
12
15
40
67
222
227
233
242
Q8DW43_286.0_337.0_91.0_316.0_52.0_245.0
19
20
170
286
Q8DW44_80.0_145.0
Q8DW45_296.0
69
301
329
Q8DW46_499.0_339.0
98
100
353
356
500
Q8DW47_43.0
4
8
62
Q8DW57_78.0
63
68
104
Q8DW98_3.0
9
69
74
105
Q8DWA2_216.0_207.0
53
Q8DWA9_91.0_319.0
86
91
97
434
439
Q8DWB0_31.0
213
Q8DWB1_4.0
Q8DWB3_13.0
Q8DWB9_249.0
287
288
291
348
362
841
Q8DWC2_54.0_5.0
64
107
191
Q8DWC7_247.0
318
Q8DWD3_99.0_300.0
99
267
325
Q8DWD4_339.0_171.0_184.0_225.0_209.0
61
339
343
Q8DWD5_228.0_444.0_275.0
61
152
228
Q8DWD6_253.0_164.0
119
188
189
253
261
262
325
332
Q8DWD7_84.0
265
272
274
Q8DWE8_126.0
Q8DWG0_223.0_8.0_120.0_125.0_55.0_259.0_260.0_270.0_245.0_267.0
194
261
Q8DWH0_155.0
167
172
Q8DWH2_22.0_45.0_31.0
45
47
136
261
Q8DWH7_444.0
43
47
225
240
424
Q8DWH8_10.0
2
Q8DWI5_178.0
3
4
185
292
536
575
Q8DWJ5_48.0
34
48
52
Q8DWM1_9.0_49.0_337.0_311.0
Q8DWM3_96.0_158.0
149
342
Q8DWM7_610.0
40
48
114
119
126
359
432
435
Q8DWN5_154.0_155.0_186.0
151
Q8DWN6_322.0_89.0
53
308
337
342
345
Q8DWN8_140.0_19.0
116
118
Q8DWN9_367.0
50
51
204
205
332
333
371
413
Q93D83_165.0_60.0_53.0
60
62
194
271
Q93D95_224.0
136
217
218
224
Q93D97_131.0
261
406
Q93D98_100.0
Q93DA2_247.0_282.0_197.0
19
Q9X670_10.0_166.0_160.0
5
10
14
57
295
364
365
426
Q9XB21_87.0_71.0_10.0_19.0_81.0
19
20
73
76
81
84
87
